Parameters: Interval Mode Simtime PathLossModel Retransmission
1000000 4 10000000 2 0
1.0
1.0
1.0
0.9878787878787879
0.9952830188679245
0.9960861056751468
0.9739837398373984
0.9869791666666666
0.9724655819774718
0.983419689119171
0.976721629485936
0.9744758432087511
0.9674085850556439
0.9772727272727273
0.9800853485064012
0.9555256064690026
0.9655384615384616
0.9571830985915493
0.9534492428491307
0.9433177327093084
0.9541751527494908
0.9379210779595765
0.9396551724137931
0.9439655172413793
0.9480033277870217
0.9301054275673565
0.9515198153135821
0.9349353049907578
0.932076813655761
0.929368029739777
0.9308260577568838
0.9213135068153655
0.9385796545105566
0.9297777777777778
0.9063136456211812
0.9196635730858469
0.9224936815501263
0.9088656387665198
0.902813965607087
0.905852417302799
0.9076425192930048
0.8991905813097866
0.8930199088510434
0.8832915431958058
0.890152376620423
0.8905429071803853
0.8842492427520554
0.8840976020193522
0.886910782925349
0.8850528025995126
0.8883269269674287
0.8783469150174622
0.8759849906191369
0.8615877805016029
0.8738519212746017
0.8661446002549626
0.8708090379008746
0.8626631853785901
0.8761435608726249
0.8633327624593252
0.8694997490379789
0.8630865989356555
0.8566255144032922
0.8476638546398443
0.8364896073903002
0.8664561957379637
0.841875188423274
0.8469021251122418
0.8381434096994942
0.8501470588235294
0.8427203604618417
0.8377417519908987
0.8269096980659524
0.8321418751718449
0.8269436997319035
0.828642819568648
0.8323699421965318
0.8298862461220269
0.8131474613121883
0.8159409409409409
0.8114035087719298
0.8007560053651994
0.8275389408099688
0.8050485897132021
0.8111455108359134
0.8160798122065728
0.8000921234454169
0.7994806367844642
0.8027793862188767
0.7993325917686318
0.7919023849140322
0.786042944785276
0.808313331878682
0.7950303935160499
0.8018615598587783
0.7889215274863617
0.7915793883535819
0.7708354848703914
0.7800161976108524
0.7789938748870369
0.7683592959741048
0.7787610619469026
0.7757284410870205
0.7794466403162056
0.768013724742661
0.7751317771084337
0.7609539131257689
0.7752245862884161
0.7546203110704484
0.7702127659574468
0.7499774592011541
0.770051039008385
0.7635374149659864
0.7595759843221094
0.744128334662767
0.749890418164285
0.7447984114650781
0.7584269662921348
0.7499579902537389
0.7451208371397724
0.7303154547736591
0.7526355109155807
0.7447998026802598
0.7409696580510515
0.7344243700883092
0.7301766556424941
0.7340962904498816
0.7350903734373756
0.715916149068323
0.7225236397457758
0.7201880829414938
0.7125950972104819
0.7164393939393939
0.7241483495732306
Parameters: Interval Mode Simtime PathLossModel Retransmission
1000000 4 10000000 0 0
1.0
1.0
0.9911504424778761
0.9934640522875817
0.9899244332493703
0.9879275653923542
0.979933110367893
0.9911764705882353
0.9781021897810219
0.9781420765027322
0.9698492462311558
0.9869767441860465
0.970125786163522
0.9775461106655974
0.9748892171344166
0.9633267845448592
0.9535175879396985
0.9455943228858663
0.9463869463869464
0.9547710976282405
0.9383561643835616
0.9406663623916021
0.9386120996441281
0.9409282700421941
0.9510135135135135
0.94558599695586
0.9512752188808526
0.9374293252921221
0.9265822784810127
0.9212305611899932
0.918476445038423
0.9170506912442397
0.9302619122751656
0.9226334951456311
0.9036004645760743
0.9189723320158103
0.9138545953360768
0.9159891598915989
0.908106680749934
0.9117195496417605
0.9031281533804238
0.8884785819793205
0.9026145358599185
0.8963827304550759
0.8874634256133244
0.9000902119981957
0.8741168914579319
0.8799317551716784
0.8927268826432097
0.8789731051344744
0.8848063555114201
0.8837298541826554
0.8777173913043478
0.8804224820822332
0.8707245310776021
0.8759371652981078
0.8728282285509583
0.8546572934973637
0.867373544237789
0.8465734742584384
0.8597914252607184
0.8561587666065278
0.8716073460100764
0.8703941044537007
0.8503862525618793
0.8531193216232587
0.8566198901769372
0.846780274468406
0.835917885098213
0.8488041002277904
0.8468287070329354
0.8367724491248043
0.8249827467218771
0.8310445276737412
0.8350682709206435
0.8349605456733984
0.8303784069859751
0.8357254697286013
0.8245454545454546
0.8210927573062262
0.8150303643724697
0.8070622497269749
0.8215111327412093
0.824122434106644
0.8166155298560303
0.8108493932905068
0.7904718382268936
0.8095783684692942
0.8158643450551952
0.8140387037673193
0.8000445583156957
0.7810831426392068
0.8014054054054054
0.7967925949843935
0.7956819378620327
0.7771416675340898
0.7933375104427736
0.7748468169072593
0.7842248413417952
0.7893380078366673
0.7852180042291813
0.775206119002682
0.7794921875
0.7711595734460563
0.7682420025128056
0.7722969134633592
0.7708628005657708
0.7613295880149813
0.7664340800587587
0.7632570535796342
0.7592525726665463
0.7635467980295566
0.7540881621045148
0.7465302491103203
0.7512242042672262
0.757454383622608
0.7605621658906708
0.7527235875348366
0.7529089664613279
0.7447366195992221
0.7347245409015025
0.7500624635629216
0.7448870636550308
0.735812133072407
0.7335451287064191
0.737275928297055
0.7227043231303251
0.7450354333774628
0.7425258341878993
0.7268361804298197
0.7334723509422305
0.7137290854916342
0.7141241233692783
0.7182391849768114
0.7221515672925862
0.7194469223907226
0.7113190991517988
0.7114703277236493
0.7154441577589384
0.7097631012203877
0.698313598851812
0.7162471395881007
0.6964697658161482
0.7060114706507116
0.6989456159822419
0.707829631712117
0.6918959720030193
0.6973516594032853
0.6899006177813591
0.690981697171381
0.6897705225128788
0.6833882663150956
0.7022427440633245
0.6862473628691983
0.683462112849815
0.6873512957366086
0.6992220696868667
0.6849340866290019
0.6702803738317757
0.6598086423613283
0.6814884894355093
0.6691472868217054
0.661535631056053
0.6659304251794589
0.6669692568385379
0.6594084558156414
0.6711065573770492
0.6556036556036556
0.6562667142093065
0.6624955731318617
0.6435852372583479
0.6514248628237654
0.651928558962127
0.6552420518146673
0.6532772028299129
0.6544400436255094
0.6551508252703472
0.644492662593502
0.6342050736405891
0.6394064676898681
0.6443505338078291
0.6305280528052806
0.6422154863598788
0.6477810813787028
0.6385423506237689
0.6200786341358324
0.6392887838418565
0.6364362551922462
0.6343763394770682
0.619971604353999
0.6300498356483936
0.6207549153611608
0.6175093632958801
0.630392312160093
0.6148509763617678
0.6130180523773201
0.623771546179573
0.6133191208568093
0.6142662426169923
0.625802179892024
0.6160924138620794
work done
Parameters: Interval Mode Simtime PathLossModel Retransmission
1000000 4 10000000 3 0
1.0
0.9831932773109243
1.0
1.0
0.9855072463768116
1.0
0.9829642248722317
0.9795918367346939
0.9912060301507538
0.9738846572361263
0.9808917197452229
0.9782608695652174
0.9741518578352181
0.9727479182437547
0.9793672627235214
0.9601063829787234
0.9659305993690852
0.9609784507862551
0.9377729257641921
0.9609292502639916
0.9385
0.9513590844062947
0.9498432601880877
0.9525843656557027
0.9402308326463314
0.9435578045932269
0.9329877823028508
0.9422238372093024
0.9432598482110589
0.9219691895512391
0.9280833062154247
0.937697659709045
0.9247884675650266
0.9103362391033624
0.913346903169526
0.915268456375839
0.9133771929824561
0.9120171673819742
0.9057619816908993
0.908816120906801
0.9006085192697769
0.8922665369649806
0.9023030303030303
0.8967464979665613
0.8920198376916141
0.8879668049792531
0.8973204715969989
0.895442930153322
0.8881869867340493
0.8816762530813476
0.8877633711507293
0.884046539144153
0.8567318757192175
0.8596292092319334
0.8892655367231639
0.8682570767313512
0.8752684323550465
0.8625483984512495
0.8770718232044199
0.8590626574836217
0.8668437655653329
0.8476454293628809
0.8568225496476618
0.8616587909401988
0.8579674920249126
0.8475609756097561
0.8459158415841584
0.8573603288171716
0.8524519644393461
0.8512408759124087
0.8296741714445532
0.8429752066115702
0.8316198944151153
0.8312729248743377
0.8222282905516112
0.8283952272422577
0.8156056943325275
0.8252100840336134
0.831165519000255
0.8285131863931711
0.8280141843971631
0.8142839642288374
0.8182492581602374
0.8162168762974722
0.8005422609925734
0.7950164551010813
0.8063731170336037
0.7936507936507936
0.7925776432335464
0.7943935671208399
0.7985896870868224
0.7878854383847251
0.7994940607127144
0.7908728877408244
0.7917380136986302
0.7922268907563025
0.7829875518672199
0.7818963751791931
0.7745108083188198
0.7857501758617225
0.7724235675237903
0.7736239889524561
0.7707074644318846
0.7803359683794466
0.7719618974309631
0.7701559857169705
0.7690725504861631
0.7678219216680755
0.7663258727088514
0.7603095129722348
0.761343924039076
0.7590767865068797
0.7576923076923077
0.7579304798498794
0.7372949002217295
0.7413164293157346
0.7510548523206751
0.7420910167484351
0.7418675206472274
0.7401469605878424
0.7378852775678173
0.7367461895294898
0.7436468646864687
0.7359254759011745
0.7429229756418696
0.7394283014410583
0.7332436496003798
0.7240998104864181
0.7341434731477852
0.7229510726964038
0.7242873432155074
0.7238725565645683
0.7252173913043478
0.7163576555023924
0.710512532734755
0.7150029533372712
0.7118157739846969
0.7104878761320479
0.7094565059012093
0.6961259079903148
0.6926546391752577
0.7049724537364035
0.7192424563635079
0.7012238008158672
0.6949587407253311
0.6908340907501923
0.6864777545937941
0.6925570714575172
0.6944103612815269
0.6915130646141382
0.6839260692600253
0.6932135728542914
0.6971109040074557
0.6938721952499672
0.6846734492943879
0.6764116163249466
0.6786445012787724
0.7038017169044084
0.674607748959334
0.6745732931726908
0.6852686959789552
0.6666666666666666
0.6750556517437546
0.6736063638058543
0.6755669348939283
0.6545876037091264
0.6496619174112533
0.6637972841901066
0.6588030494027253
0.6542116758160675
0.6633139227104288
0.649863681188004
0.6528012100762115
0.649582075690736
0.6523570480641625
0.6529384809256501
0.6369929629841524
0.6307606263982103
0.6435786435786436
0.6386182462356067
0.645393634840871
0.6353038674033149
0.6333695062398264
0.6547776309995597
0.6217346993509628
0.6332663152746835
0.6298656101086898
0.6357813834329633
0.6341096111439789
0.6239270386266095
0.6292993630573248
0.6183269842926473
0.6374751802696207
0.6288182338554404
0.6164271047227926
0.626426395414881
0.6187993599339286
0.6151695389151542
0.6199514120862435
0.6098299439874855
0.618754726493572
work done
Parameters: Interval Mode Simtime PathLossModel Retransmission
1000000 4 10000000 2 0
1.0
1.0
0.9813953488372092
0.9669669669669669
0.9864253393665159
0.9923371647509579
0.9874213836477987
0.9970104633781763
0.982779827798278
0.9852164730728616
0.9900199600798403
0.9673539518900344
0.9737510584250635
0.9593869731800766
0.965782122905028
0.9468503937007874
0.9692504804612428
0.9503424657534246
0.9513607411696584
0.9523052464228935
0.9382050024521824
0.944078947368421
0.9442429737080689
0.9400352733686067
0.9386831275720164
0.9330034259611725
0.9390571100038329
0.9185158239359767
0.9329155915960192
0.9172196996157876
0.9276248725790011
0.9191723246039444
0.9129345443156905
0.9170673076923077
0.9178285375259567
0.9238095238095239
0.9012113055181696
0.9142163474507689
0.9116786379356212
0.8887171561051005
0.8986486486486487
0.8909224011713031
0.8959361052384308
0.8910984848484849
0.8809523809523809
0.8820026466696074
0.8979591836734694
0.892742453436095
0.8906346909241265
0.8894856434620946
0.8838190954773869
0.8786351298953082
0.8782857142857143
0.8719580681392737
0.8756916267060125
0.8844348140122787
0.8807631160572337
0.8718722271517303
0.8674126822651747
0.8592844974446338
0.8671994558748513
0.8699067255768287
0.8603479109087954
0.8648866012546245
0.8643960895616525
0.8519306780176346
0.8548983364140481
0.8447945810631718
0.8373900293255132
0.8610254150139562
0.8391767210787793
0.833516785910842
0.8301392527230111
0.8363246718457005
0.8402146985962015
0.8251924608441731
0.8233984016769291
0.8183375049400606
0.8288334182373918
0.8263495658739147
0.8219092721834497
0.8180930289341961
0.8226097414311485
0.8215617855853687
0.800952380952381
0.8033492266542621
0.8146987112504354
0.8055459272097054
0.7954442429737081
0.8107187464516862
0.7853947662715276
0.8
0.797752808988764
0.7955526770293609
0.7995099605837861
0.7819533130953628
0.7924197046369926
0.7828277634961439
0.7776758409785933
0.7880639576331602
0.7748466257668711
0.786720921000397
0.7679992142225714
0.7679845708775314
0.7610123647604328
0.7787165369280425
0.7718171514922554
0.7673114662181104
0.7550376079487418
0.7659049360146253
0.7587907571467714
0.7585024808299504
0.7609087630724847
0.7536997885835095
0.7518731486321659
0.7665441176470589
0.7422290915335737
0.7383865172384293
0.7427797069535022
0.7336229946524064
0.7456021650879567
0.7391268329053102
0.7559145048131832
0.7404296559521887
0.7325420697504268
0.7304851901850234
0.7324681605674673
0.7236054207374725
0.712824486633088
0.7277243092207389
0.7388180764774044
0.7171393717596828
0.7213537714372439
0.7211284604359961
0.7182674199623352
0.7103793002058219
0.7075221238938053
0.7209166969807203
0.7033212996389892
0.6965181362215599
0.695543493786602
0.7024012503552145
0.6905500705218618
0.7010071338648762
0.711339485458613
0.7005839917554105
0.6955299602358426
0.6988702499144128
0.6910547034070856
0.7014844804318489
0.684338617378149
0.6918922568014582
0.693047485473853
0.6934920429551041
0.6891285983494704
0.6878877973112719
0.6871794871794872
0.6705681386815133
0.6769811320754717
0.6784811726055092
0.6694380196286803
0.6754430061580998
0.6617341323223677
0.6716233726167705
0.6659725624693777
0.6617727025557368
0.6660669305505578
0.6634994621728219
0.6644889232048464
0.6633420926899187
0.6555128584096955
0.644742255921942
0.6564357006865517
0.6506226469736461
0.6512715246892462
0.6579097658480868
0.6425373134328358
0.6488179202166676
0.6603140288997611
0.6545555865143494
0.6316603169344597
0.6319139596136962
0.6441734869996103
0.6287314447283998
0.6317785362153963
0.6470683686715708
0.6344555721287023
0.6290400385914134
0.6267014036580179
0.6327301756253326
0.6177122940430925
0.6182930655789144
0.6247442153313395
0.6137521668330094
0.6146267140680548
0.625821939254775
0.6161282116509794
0.6294465395984099
0.6082239010292552
0.5988375006263467
0.6087503143072668
work done
Parameters: Interval Mode Simtime PathLossModel Retransmission
1000000 4 10000000 1 0
1.0
1.0
0.981651376146789
1.0
0.99
0.9923371647509579
0.9742351046698873
0.9703703703703703
0.9635294117647059
0.9842873176206509
0.9770554493307839
0.9620034542314335
0.9680940386230059
0.9751937984496124
0.9690201729106628
0.9576547231270358
0.9698613622664256
0.9542032622333751
0.9606299212598425
0.9561542525092446
0.9515713549716641
0.9595724907063197
0.9434129089301503
0.9451273046532046
0.9523613963039015
0.9290271132376395
0.945468509984639
0.9462285287528006
0.9368533713877988
0.9275067750677507
0.9246031746031746
0.9252601702932829
0.9285714285714286
0.914007900334245
0.9248452696728559
0.9098639455782312
0.9186721991701244
0.9056963750340692
0.9145254326166754
0.9145561524686621
0.9108061749571184
0.8952289618796452
0.9044031080762891
0.891566265060241
0.8985805860805861
0.9020916777926123
0.8848627787307033
0.8911392405063291
0.8760878574388727
0.8920361247947455
0.8926038500506586
0.8838461538461538
0.8738449933999622
0.8812488029113197
0.8718424962852898
0.8757385524372231
0.8665018541409147
0.873444347063979
0.869587540646928
0.8646437095124446
0.8605671843349089
0.8534762833008447
0.8592209471472442
0.8459343794579173
0.8554216867469879
0.8426966292134831
0.8444209253099486
0.8492797573919636
0.8504839910647803
0.8277697841726619
0.8451346345633282
0.8311759845772514
0.8306233062330624
0.8353228431904504
0.8296521258972943
0.834047682828824
0.831405398218322
0.8280963603037444
0.8215746421267893
0.8160569105691057
0.831021122359705
0.8125683724322353
0.8175468692562186
0.8087325651910249
0.8173602853745541
0.8043427775197399
0.8066479400749064
0.8042127071823204
0.7946215817542267
0.7873776577792777
0.8029124055135616
0.7897784211112349
0.7956412222100536
0.7940449317424487
0.7794628751974724
0.7906356655290102
0.7977956324680676
0.7854151772035542
0.7863854666945083
0.7875642343268242
0.7896869618073143
0.7803775858606146
0.7762039660056658
0.7684281711911892
0.7750851581508515
0.7633207129005448
0.7618247970892807
0.757896727822962
0.7667889908256881
0.7732525629077354
0.7486058643640943
0.7727066509391163
0.7459982409850484
0.7545110465628025
0.7556281451399312
0.7522408841702202
0.7450376454483231
0.7382149859347029
0.7277763787459078
0.7428934010152284
0.7413907284768212
0.745844414893617
0.7413935101301269
0.7481578516456525
0.7384962527198001
0.7391651368824328
0.7370925529383774
0.7062567924235367
0.7286377708978328
0.7224435590969456
0.7233036060488561
0.7292349935168942
0.7228122662677636
0.7061508530380126
0.7131020196789228
0.7186359913632641
0.7190003675119442
0.7075729271447047
0.7041314015205853
0.6952826791501621
0.7249622003023976
0.7121947684950366
0.7035318559556787
0.6986194136066041
0.7058336781133637
0.6995562335321037
0.6913007341737083
0.7019799257527842
0.6977472265704757
0.6852025757982292
0.6801557961447056
0.6793235061858384
0.6899219679936517
0.6881684933315727
0.6781802864363943
0.6782614328280865
0.6618351318562034
0.6787705956907478
0.6842750257997936
0.6772227458372605
0.672417049675754
0.6713615023474179
0.6614250614250614
0.6676959179892547
0.6681504969815233
0.6711143166245943
0.6733451068753425
0.6552950394792357
0.6637247838616714
0.6643679539457904
0.6629042634072168
0.6525144270403958
0.6631305987741631
0.6431990659661413
0.6395540640464138
0.6492554279868137
0.6480596335495619
0.6429499858717151
0.6436245807515206
0.6552613865829033
0.6551627227249733
0.6479804433579643
0.6494658997534922
0.6372724803042652
0.6282633681790816
0.6354509545753786
0.6327037236913113
0.6340868088719092
0.6278765004979818
0.6197190508759931
0.6304199295737636
0.6331679510186847
0.6168821055910294
0.6238818389848139
0.6183241729752151
0.6291568001647276
0.6093742004809907
0.608469088333502
0.61335931254996
0.6123193840307984
0.6130999603332011
work done
Parameters: Interval Mode Simtime PathLossModel Retransmission
1000000 4 10000000 4 0
1.0
1.0
1.0
0.974025974025974
0.9899244332493703
0.9850467289719627
0.9701986754966887
0.9827089337175793
0.9792387543252595
0.9628099173553719
0.9796126401630989
0.9685185185185186
0.9632107023411371
0.9619482496194824
0.9682310469314079
0.9544554455445544
0.9516635279347144
0.946987951807229
0.9462875197472354
0.9618239660657476
0.9369684842421211
0.9429400386847195
0.9356300997280145
0.9361702127659575
0.9286905754795663
0.9285430726478762
0.9365264797507789
0.923719578641482
0.9172220273588214
0.917732457656412
0.9183061020340113
0.9152
0.9138726545678253
0.9120746763023185
0.9077598828696926
0.8969101123595505
0.9027538726333907
0.9030109245936584
0.8978480684469795
0.8975995914198162
0.897117296222664
0.8845415266442631
0.8809859154929578
0.8818933823529411
0.8838406445837064
0.8715677590788308
0.8862941946748145
0.8767792649245804
0.8755238893545683
0.8570833333333333
0.8594668757350059
0.8575124378109453
0.863618901267768
0.8602729194695368
0.8514137867307336
0.8426884650317893
0.8541554959785522
0.8467901456572559
0.848202170963365
0.830568720379147
0.8393453573814296
0.8398941448891829
0.8299416311721092
0.825494853523357
0.8165095068789612
0.8166563082660038
0.8237155341268646
0.8384989364934671
0.808246828143022
0.812428078250863
0.8102939108423569
0.8044343376918703
0.8019037108566699
0.8028034839412085
0.8050835938561914
0.8123430685872869
0.8112444560396557
0.8074412532637075
0.7875110605486032
0.7874371859296483
0.7911336288790374
0.7776280323450134
0.7761876127480457
0.7816329006429698
0.780808805934434
0.7763801537386443
0.7765291936978684
0.775465624281444
0.7814418921992268
0.7646200471433382
0.7611220688143765
0.7708765418622421
0.7693330378905384
0.7576993239617985
0.7523970076914972
0.7738019169329073
0.7547666701780259
0.7505638712323149
0.745985254014746
0.7446999104210212
0.7445052212829438
0.7404029267314824
0.7345227649410159
0.7467500733066171
0.7476671476671477
0.724606243515986
0.7282252783235101
0.7218303322814182
0.7139160968397709
0.7241984662293265
0.7221037009553845
0.7243233391050761
0.7305227047034396
0.7223340040241448
0.7070086070613033
0.7142732962447844
0.7079775765416128
0.7141624978437122
0.7048684099890692
0.7146242383209208
0.7122187839759136
0.701423751131594
0.6978837265872051
0.6929625425652668
0.6850659800450596
0.686822679440867
0.6875940147256749
0.6908155186064925
0.6856195031630922
0.6974052206339342
0.6834383161776002
0.6809436555199267
0.6782410917361638
0.6897261841202044
0.6707280609956645
0.6643774922463447
0.6750907878159046
0.6621769202766654
0.661907899553408
0.6584461867426942
0.6744552752293578
0.6717632206480573
0.6577058409570725
0.6694342808893893
0.6580002765869174
0.6581703910614525
0.660782967032967
0.6541953232462173
0.6378486055776893
0.6461952861952862
0.6509042196918955
0.6464392182842
0.6428477690288714
0.6422180131931291
0.6374470856398567
0.6336620898601173
0.6226005994515655
0.6306363927086664
0.6265428171523094
0.631014709548741
0.6244194184640834
0.6255080674959971
0.62601676497982
0.6336941644892373
0.6205419954731755
0.6146171414833513
0.6147074675130247
0.6227679931744774
0.6087629479699964
0.6094719587870273
0.6083396689864904
0.6079455431019306
0.6061387066541706
0.5984274400319071
0.5970928912105383
0.5984818444457033
0.5936898153392999
0.597972972972973
0.5940666516550327
0.5875090373171681
0.5912238905202505
0.6002225312934631
0.5940931049626702
0.5825838999780654
0.5855762406507616
0.578358005134648
0.5801992928318869
0.5800401149238359
0.5744793880152996
0.5674622243579476
0.5734332642321799
0.5871535462114027
0.5678076822576431
0.573457982973834
0.5682712215320911
0.5695048896625877
0.568522977611558
0.5609631409437146
0.5594327677893137
0.5642991318474895
0.5626709899685886
work done
