work done
1.0
1.0
1.0
1.0
1.0
1.0
1.0
1.0
1.0
1.0
1.0
1.0
1.0
1.0
1.0
1.0
1.0
1.0
1.0
1.0
1.0
1.0
1.0
1.0
1.0
1.0
1.0
1.0
1.0
1.0
1.0
1.0
0.9993757802746567
0.9997059688326962
0.9997051017398997
0.9991617770326907
0.9994541484716157
0.9994665244065084
0.9997313994090787
0.9982170147733062
1.0
0.9982737361282368
1.0
1.0
0.9993055555555556
0.9989025460930641
0.9971806549555411
0.9980822501598124
0.995615866388309
0.9966887417218543
0.9882727092029417
0.993479549496147
0.9950794852384557
0.985663082437276
0.9815086049066276
0.974018993012005
0.9917459178180513
0.9881077299755159
0.9606013478486263
0.979421768707483
0.9551020408163265
0.9364794252122796
0.9347326992456543
0.9048148736691562
0.8779496796374433
0.9159243631817472
0.918040293040293
0.8224708906698927
0.8081761006289309
0.7962668210099841
0.8192313312874471
0.762030966662017
0.6859317733295743
0.5828034282554603
0.6042494859492803
0.6265027322404372
0.592119419042496
0.6053721769343846
0.5216538008635353
0.48453074433656956
0.49191775507564983
0.4993757802746567
0.39932508436445446
0.40382466161678876
0.35000611471199705
0.30702494276418846
0.3993072145246058
0.3316518066635382
0.3214078290161459
0.2697759487882945
0.2547202197047717
0.23638405390230208
0.25636384206358187
0.2478709099058718
0.27122982749026153
0.26320865930768406
0.19714989821065038
0.22431397574984047
0.20237840154274694
0.17734818239125866
0.17706836378567029
0.18050690294663094
0.19855744461617722
0.1644218297914796
0.18743847214018508
0.16044300695873762
0.14856922632238173
0.15621995770044222
0.1284035540269418
0.14278950856926428
0.14374005056653244
0.12794612794612795
0.1495997791885178
0.12001447047119472
0.1155615696887686
0.14454700241957164
0.10472882714400214
0.12298279836850505
0.12241849020124791
0.11840179109618532
0.11230585424133811
0.11222737420573588
0.10670419651995906
0.13084745762711864
0.10759175465057819
0.11368662462118109
0.0932875480336849
0.09389937616462772
0.09281413087113609
0.09396992962252079
0.09026071796497345
0.09716599190283401
0.09943933966671858
0.10279566514842155
0.10329754601226994
0.09784587378640777
0.092188919164396
0.10219368646334938
0.09577800984633746
0.08172896846205709
0.09449049959650796
0.0963575678421129
0.09641353274284885
0.07883639482524481
0.09646325554428178
0.10376687988628287
0.07828624297203046
0.08552443555301514
0.08690193890361278
0.09017082049845981
0.08343093351705133
0.08722826086956521
0.0921947239597498
0.09015126050420168
0.08814016172506739
0.0794723934513157
0.07766860503977006
0.08879772381393503
0.08033922444487603
0.08182467068976705
0.08046496609622215
0.10071712127032911
0.08897348216013937
0.09360513113608941
0.08165469911673127
0.08946617893235786
0.09410593141221137
0.07773109243697479
0.08196119238538287
0.07998518792816145
0.08133884096707569
0.10114846273477689
0.0796996996996997
0.07832368216822876
0.09202021389117405
0.08828382838283828
0.0751963427499707
0.0905316100356746
0.0723714682723483
0.0817125100702037
0.08080339002728275
0.08152576145744378
0.08215777000338562
0.08444216990788127
0.08474013394586816
0.07772570025666778
0.07375210319685922
0.08752151940911868
0.07141287629092508
0.07318960751796573
0.08811264554562687
0.07604604222355572
0.08082929456112009
0.08649880616453223
0.08138114209827357
0.0782873334032952
0.07313144329896908
0.07816469093988146
0.08044886992255414
0.0647631949148127
0.08918876997052892
0.071923474663909
0.08411407392154845
0.07704760459351444
0.07802026107555063
0.08188976377952756
0.08050027296640032
0.08176257024916696
0.07915540878615031
0.07775410079785916
0.07660187900780434
0.07358989424206816
0.07683226758484997
0.07442849548112707
0.07508816614420062
0.07453622432034919
0.08161520190023754
0.07940529687350607
0.08362567554754907
0.08121803371850729
0.0787271265780888
0.088122966665095
0.08391803354862692
0.07565209319595284
0.07650630546473611
0.08447690375401219
0.0762413777351423
0.08580137391383467
0.07695096528596031
0.08008648259087428
0.07299658521442193
0.07811796488068437
0.07941660367290676
0.07866015971606034
0.07802801915233197
0.07919872645263996
0.07435653002859867
0.08068459657701711
0.07703652294612648
0.08229074889867842
0.08464422703960695
0.07756506775650678
0.07162179569753961
0.08440061475409837
0.07177574792591972
0.07375150163034151
0.07017617803253814
0.07396299738109319
0.08555527867763103
0.07364729458917836
0.0797224876407295
0.07997215511240326
0.07607537894305612
0.07833401723430447
0.07822048398924468
0.0739854866826124
0.08001136640415686
0.07274697054811011
0.0813911938698535
0.08523665659617322
0.08618098402151558
0.07810833234562048
0.08437487678902338
0.08002495905155604
0.08237045160784928
0.07418269982793681
0.0779812938425565
0.08013270882123341
0.08532806569060346
0.0729519556513705
0.07627247212318895
0.08130486449189252
0.08172548425002843
0.0797904646219253
0.07793137217974312
0.08318236714975845
0.0806105060383789
0.0772057458891652
0.08254822790489008
0.073380434376285
0.07962908448631145
0.08226550486929779
0.07722880583409299
0.07987620661705107
0.07993036918836585
0.09134719907239655
0.09046769011067476
0.07842642339451196
0.08034287374691268
0.07817813472252369
0.07509498888809234
0.07398491982017062
0.08175455959281776
0.07028190382104929
0.06684463802732797
0.08638421847028678
0.08281442392260334
0.08573390557939914
0.08705118014998099
0.07808047814302592
0.07873907357698397
Parameters: Interval Mode Simtime PathLossModel Retransmission
1000000 4 10000000 2 1
1.0
1.0
1.0
1.0
1.0
1.0
1.0
1.0
1.0
1.0
1.0
1.0
1.0
1.0
1.0
1.0
1.0
1.0
1.0
1.0
1.0
1.0
1.0
1.0
1.0
1.0
1.0
1.0
1.0
1.0
1.0
1.0
1.0
1.0
1.0
1.0
1.0
1.0
1.0
1.0
1.0
1.0
1.0
1.0
1.0
1.0
1.0
1.0
1.0
1.0
1.0
1.0
1.0
1.0
1.0
1.0
1.0
1.0
1.0
1.0
1.0
1.0
1.0
0.9998443579766537
0.9998439450686641
1.0
1.0
1.0
1.0
1.0
1.0
1.0
0.9998597081930415
0.9997255762897914
1.0
0.9998684037373339
1.0
1.0
0.9998715973292245
1.0
1.0
0.99987721021611
1.0
1.0
0.999763677183032
0.9997677119628339
0.9997735763613721
0.9990691179892949
0.9993203443588582
0.9996600951733514
0.9996636771300449
0.9995564918505377
0.9993557392891657
0.9993560849967804
0.9994572886139151
0.9993741524981746
0.9979697492640341
0.9992735574927356
0.9995894066926709
0.9988778945220851
0.996139760467188
0.9966276532434041
0.9885012285012285
0.9975702206239674
0.9940250379362671
0.9911647349420483
0.9952157598499062
0.9942651003607437
0.9882573978393612
0.9938837920489296
0.9926484102187098
0.9966339155749636
0.9954771195459383
0.9857331571994716
0.9774305555555556
0.9774134472835092
0.9558607584002764
0.9670244740231859
0.9644201163188505
0.9722740376462609
0.9480263721209008
0.9306281636378724
0.8888613452321931
0.9077298616761594
0.9701883701883702
0.8907435508345979
0.8905372894947875
0.9077658303464755
0.8507250945775536
0.845708851731516
0.7694484816033045
0.8125290023201857
0.7249263680049605
0.7132888582163944
0.7148003602521765
0.7443233424159855
0.6923482849604221
0.58963554372736
0.6021481481481481
0.5423603403625601
0.5479421905949674
0.485833753874991
0.5048328202190878
0.5193781942078365
0.41229238208704183
0.37426859358477266
0.35728209412419937
0.40925691810647563
0.3941063068025337
0.3671247788814805
0.34966637460403044
0.3231083844580777
0.3338067221207818
0.3139449663535212
0.3343897505057316
0.3455376059322034
0.3142215469978202
0.3165425323402587
0.29048628509025504
0.28993201683392683
0.299935691318328
0.2745681199772195
0.26107814669864915
0.2599950024987506
0.27212614445574773
0.22736505200960178
0.24507412272471382
0.2545699914120967
0.24123213954351458
0.20936705796926056
0.1928858015450027
0.20798848506657072
0.21835214989190488
0.2176199480028362
0.20662814011086214
0.19637550259308897
0.21190363161642534
0.18608968037589188
0.19123156169515337
0.202207582061951
0.1850014257199886
0.17357659286037053
0.17437945791726106
0.1627867746288799
0.17139354766813394
0.1705521472392638
0.16783255607372863
0.1715090587715422
0.13922378199834848
0.14003259098316131
0.15691346050220928
0.1468208720204159
0.1594837015970247
0.15544069347978248
0.14324367340442465
0.14466240152276214
0.1368090123133351
0.13615572811403043
0.1412604292386
0.13352007469654528
0.12822379367720466
work done
Parameters: Interval Mode Simtime PathLossModel Retransmission
1000000 4 10000000 2 2
1.0
1.0
1.0
1.0
1.0
1.0
1.0
1.0
1.0
1.0
1.0
1.0
1.0
1.0
1.0
1.0
1.0
1.0
1.0
1.0
1.0
1.0
1.0
1.0
1.0
1.0
1.0
1.0
1.0
1.0
1.0
1.0
1.0
1.0
1.0
1.0
1.0
1.0
1.0
1.0
1.0
1.0
1.0
1.0
1.0
1.0
1.0
1.0
1.0
1.0
1.0
1.0
1.0
1.0
1.0
1.0
1.0
1.0
1.0
1.0
1.0
1.0
1.0
1.0
1.0
1.0
1.0
1.0
1.0
1.0
1.0
1.0
1.0
1.0
1.0
1.0
1.0
1.0
1.0
1.0
1.0
1.0
1.0
1.0
1.0
1.0
1.0
1.0
1.0
1.0
1.0
1.0
1.0
1.0
0.9998894661213662
1.0
1.0
1.0
1.0
1.0
1.0
1.0
0.9998980839788014
0.9998983739837398
1.0
0.9999009017936775
1.0
1.0
0.9999029785582614
1.0
0.9999039938556068
1.0
1.0
0.9999070113446159
0.9998178340468167
0.9998169671456026
0.9999081894968784
0.9994525047905831
0.9996387935705255
0.9996447602131439
0.9996445076430857
0.9992934734610969
0.9997383340601832
0.9989531536247056
0.9998257991464158
0.9993999657123264
0.9993231810490694
0.9985680592991913
0.9989065522752124
0.9996673320026613
0.998849346593244
0.9980952380952381
0.997440977381542
0.9990310859911183
0.9983775452259268
0.9981543893436046
0.9979988793724486
0.9953808752025932
0.9983556495184402
0.997847233296125
0.9981299672744273
0.9951067961165049
0.997587736362929
0.9971233089721661
0.9944409646100846
0.9918154181931561
0.9915592387968079
0.9946628580019544
0.9940787975404236
0.9854668674698795
0.9905416389566245
0.9914581147909486
0.9923624499480943
0.9897492625368731
0.9951311677930383
0.9942238267148015
0.9833774639599883
0.9827611502347418
0.9690971966742697
0.9561216730038022
0.988930943369278
0.9635412830522206
0.9618009197448449
0.9672794117647059
0.9726056945642796
0.9574992747316508
0.9688173588159218
0.9655321292365259
0.9602341686299707
0.9439994278357888
0.9379951029814201
0.9376161211947978
0.9458830170041629
0.937482259437979
0.9171614771904417
0.9294318910827571
0.9151750413341959
0.8897947507687907
0.9336702463676564
0.8943474825827767
0.9143385227838203
0.8551126011223672
0.8880147423630307
0.8783929728562172
0.8683459397745112
0.857907126043227
0.863160130256265
0.869208253016349
0.8272158201735667
0.8576673256142333
0.8171965836503265
0.8114694822100087
0.8095611844452373
0.7936837582354627
0.8027215730977486
0.8057907092551754
0.798243765367053
0.7677414762616557
0.777912708050575
0.781990854730918
0.7915759915759916
work done
